0 46 27 51 71 13 93 80 59 75 55
1 41 80 62 75 67 48 18 19 44 89
2 5 55 75 61 75 36 48 20 85 10
3 93 77 17 13 26 94 0 80 62 41
4 83 51 64 50 37 37 83 37 18 63
5 13 31 23 6 56 10 78 68 62 6
6 16 39 39 39 21 25 61 75 73 80
7 62 88 88 11 23 85 21 34 2 84
8 79 62 82 47 86 76 91 76 46 71
9 83 20 94 44 29 55 22 4 42 95
10 12 63 89 24 75 78 49 37 4 62
11 80 21 76 66 39 29 28 10 86 51
12 61 77 35 41 30 91 11 75 17 7
13 98 85 65 83 44 40 8 66 91 70
14 52 41 83 31 13 16 92 84 36 29
15 2 0 53 73 65 12 90 21 49 15
16 66 51 66 81 34 31 85 93 71 67
17 6 6 55 65 71 24 0 54 32 64
18 51 77 37 98 72 64 33 7 21 60
19 21 71 14 18 5 81 32 74 44 39
20 16 86 4 58 78 87 87 54 87 80
21 71 90 82 94 53 83 70 89 98 62
22 39 64 84 16 49 14 59 16 29 85
23 28 21 93 90 65 83 60 26 96 6
24 95 96 99 4 62 5 99 78 83 9
25 52 27 60 88 42 92 39 76 81 71
26 15 78 87 94 84 45 77 1 33 99
27 56 55 95 8 56 90 46 50 39 16
28 40 41 6 13 81 17 18 89 26 42
29 78 9 67 48 70 21 11 25 92 10
30 96 7 32 41 60 24 33 69 77 82
31 5 50 84 12 92 71 30 75 1 41
32 33 39 24 23 71 76 1 50 13 24
33 43 19 99 84 34 58 72 10 73 2
34 70 52 54 67 67 90 75 96 60 48
35 24 36 5 33 11 82 62 83 28 60
36 54 60 98 35 8 62 49 50 90 38
37 61 11 2 57 57 83 89 66 8 93
38 7 29 71 19 23 37 7 41 23 72
39 18 62 4 58 12 68 97 97 19 47
40 49 63 54 86 9 45 77 26 56 10
41 65 85 66 84 62 47 61 25 88 67
42 49 61 40 87 5 82 23 85 33 25
43 9 9 87 45 3 1 84 5 24 58
44 61 15 74 76 96 38 13 49 77 88
45 48 69 2 86 29 15 29 46 40 92
46 74 64 10 64 25 64 9 72 28 4
47 83 19 94 68 93 18 20 3 52 71
48 52 94 79 83 91 92 54 24 11 7
49 44 7 76 80 97 59 3 32 50 79
50 69 12 70 50 66 2 5 48 30 2
51 67 56 9 21 25 26 30 33 20 54
52 2 5 70 43 29 90 46 17 87 13
53 46 8 14 33 86 64 15 84 59 66
54 54 5 66 46 44 92 68 18 62 35
55 89 7 11 32 84 16 3 42 18 33
56 44 30 26 35 64 40 97 48 73 13
57 95 69 84 38 3 86 94 58 17 24
58 76 93 41 69 82 57 32 13 54 38
59 80 20 44 98 94 56 82 1 7 82
60 70 20 80 1 36 90 46 98 96 88
61 16 80 64 22 86 43 40 77 10 75
62 59 27 95 87 31 97 93 75 62 40
63 82 77 67 62 45 66 26 55 67 76
64 33 3 15 53 39 93 67 44 52 90
65 69 92 76 42 45 37 58 48 43 83
66 18 22 8 41 3 46 43 37 20 36
67 34 83 85 78 16 79 39 71 12 42
68 60 95 19 67 66 77 70 29 67 70
69 7 39 67 85 79 26 30 32 83 41
70 12 88 3 77 51 73 61 72 34 38
71 80 28 97 85 9 29 67 79 59 37
72 12 61 88 72 42 3 41 63 21 9
73 12 74 89 23 71 12 20 46 99 48
74 23 1 16 42 52 31 33 71 12 2
75 68 40 76 6 0 4 12 96 10 49
76 36 73 36 9 32 60 86 19 40 88
77 77 47 55 75 31 61 71 0 27 48
78 71 20 67 79 43 61 27 87 96 30
79 12 60 8 39 24 99 7 12 60 87
80 27 60 59 27 53 83 96 40 60 96
81 91 56 1 19 36 22 75 23 43 36
82 25 63 41 13 2 2 36 51 43 24
83 15 80 35 3 21 56 98 38 59 6
84 30 33 67 74 80 96 86 58 68 62
85 79 22 59 16 28 46 61 74 58 58
86 81 82 33 48 46 78 75 90 28 37
87 73 64 9 39 97 82 7 49 44 48
88 16 89 4 94 77 36 65 31 74 39
89 6 11 1 72 26 53 73 96 26 83
90 46 46 58 81 37 18 84 2 59 82
91 80 12 97 91 8 3 62 20 85 31
92 50 61 45 39 59 21 13 6 47 65
93 88 90 61 90 80 79 53 61 95 51
94 4 26 26 40 77 35 79 74 21 59
95 90 70 95 77 25 56 65 52 43 7
96 32 78 69 90 65 26 10 85 73 97
97 38 67 8 12 40 68 83 53 37 57
98 12 36 20 42 89 43 17 81 26 13
99 43 84 86 13 63 44 96 85 33 10
