0 636 9 642 17 948 77 176 80 94 71
1 740 78 133 3 157 91 214 14 174 80
2 534 60 53 97 421 88 182 25 540 97
3 538 99 776 77 157 7 576 28 731 96
4 366 88 753 36 603 98 878 12 832 12
5 704 0 368 44 147 19 871 6 585 45
6 191 23 102 40 47 25 882 87 297 2
7 747 27 502 59 773 66 704 23 588 40
8 178 24 240 26 155 95 479 84 372 20
9 954 7 53 31 53 61 84 75 778 96
10 272 63 864 93 9 4 620 42 148 44
11 31 32 541 55 592 15 0 97 84 63
12 107 76 696 0 823 13 547 10 129 19
13 121 28 838 6 812 92 545 7 472 50
14 884 13 499 52 472 43 107 57 343 10
15 95 26 584 67 930 32 44 65 85 82
16 195 50 784 15 660 26 651 68 629 43
17 653 33 472 87 882 20 815 38 961 5
18 335 58 879 57 722 12 426 38 967 9
19 758 26 519 7 842 4 895 64 701 27
20 572 16 986 39 491 99 605 71 884 14
21 461 35 512 3 903 3 729 39 377 39
22 633 39 264 7 219 57 812 15 462 48
23 605 55 601 37 216 62 93 17 805 22
24 455 50 431 20 137 76 417 34 194 25
25 70 43 21 79 626 14 408 17 850 93
26 296 92 0 41 990 11 172 76 617 55
27 430 2 855 80 470 34 291 42 117 57
28 153 68 534 58 647 55 932 32 795 62
29 767 34 589 75 482 48 833 71 323 5
30 452 78 214 50 771 34 79 37 791 37
31 945 92 835 76 506 25 629 99 993 97
32 780 9 358 94 468 82 760 68 349 89
33 168 71 628 38 357 26 714 23 646 77
34 281 26 474 89 438 98 31 13 568 32
35 270 75 673 60 165 79 392 31 967 71
36 8 74 609 37 994 19 728 16 353 5
37 60 5 678 82 479 89 291 29 406 78
38 336 31 329 60 106 69 943 27 77 12
39 189 22 453 14 812 16 868 41 288 51
40 527 67 629 21 737 95 742 47 552 13
41 9 6 187 26 425 74 68 56 79 89
42 854 70 492 80 665 78 268 97 58 75
43 189 83 952 70 954 78 981 6 284 33
44 670 34 572 12 995 45 787 69 625 31
45 15 3 110 44 358 77 879 28 409 81
46 612 81 991 77 29 69 723 51 236 64
47 684 59 515 49 635 51 802 89 812 81
48 828 33 268 25 123 71 266 93 140 86
49 1 29 949 67 338 20 286 16 197 35
50 401 32 166 42 117 64 855 65 862 14
51 3 85 62 18 617 85 295 94 818 50
52 678 75 178 96 473 58 658 1 872 90
53 94 23 91 61 557 96 344 40 41 79
54 593 63 991 8 701 20 738 64 573 44
55 148 54 12 21 976 64 195 18 5 94
56 863 28 843 40 437 30 231 89 685 90
57 371 51 523 7 8 15 554 88 725 89
58 122 57 914 15 744 93 287 28 346 69
59 273 33 522 93 837 82 603 7 799 14
60 237 37 836 86 814 28 525 98 322 37
61 493 43 61 84 477 45 287 83 158 59
62 565 1 506 32 27 13 342 92 158 83
63 634 4 402 44 468 64 130 87 639 80
64 500 3 238 4 590 2 575 44 863 40
65 304 30 412 3 123 80 376 58 538 31
66 341 62 189 85 460 44 217 95 762 77
67 616 49 834 61 58 30 319 56 854 75
68 450 99 511 20 35 56 344 54 380 34
69 490 49 31 75 808 46 463 64 777 68
70 987 13 809 38 126 48 928 44 876 72
71 767 40 164 67 828 44 932 20 999 26
72 744 25 599 42 242 23 882 96 860 66
73 577 30 319 12 168 29 785 20 349 41
74 899 36 360 7 920 40 379 76 108 7
75 946 34 31 69 83 88 727 59 754 79
76 950 43 876 68 924 12 747 95 475 75
77 91 10 841 2 450 33 30 58 902 53
78 673 69 337 87 186 68 852 97 641 40
79 802 89 711 6 112 43 930 48 344 35
80 684 31 479 22 690 24 71 56 794 61
81 874 84 114 5 694 75 767 26 623 70
82 741 77 860 0 14 2 935 18 19 87
83 292 91 684 61 712 62 719 35 91 62
84 829 9 186 93 95 80 47 67 113 21
85 74 15 684 97 855 84 983 1 997 12
86 216 16 562 25 680 1 313 65 730 25
87 130 99 930 68 561 36 473 29 437 54
88 883 0 844 67 763 95 312 27 512 11
89 832 28 563 16 414 38 436 13 225 18
90 473 88 576 74 106 7 460 70 182 31
91 100 76 332 0 832 12 185 37 500 58
92 274 32 851 46 216 35 532 26 947 67
93 504 95 802 64 167 28 305 8 615 83
94 178 1 991 49 169 38 965 4 153 27
95 470 63 898 38 212 0 769 77 68 91
96 947 67 520 51 865 56 684 37 98 24
97 403 34 465 50 143 64 381 52 647 24
98 99 25 333 84 775 95 472 23 225 43
99 477 78 140 58 658 37 592 50 901 55
100 169 54 837 35 88 35 892 24 554 87
101 919 74 410 42 741 74 767 94 549 92
102 600 98 632 70 757 74 412 20 229 62
103 932 83 264 26 794 29 586 6 337 61
104 348 18 238 21 208 95 180 34 576 85
105 689 87 666 39 103 44 330 29 480 9
106 902 25 513 19 608 87 125 27 549 18
107 810 16 816 40 526 42 632 30 10 98
108 636 6 747 49 239 55 93 43 625 64
109 1 38 272 24 672 1 815 85 876 36
110 351 22 160 83 906 68 357 11 336 75
111 463 31 880 5 284 31 965 77 886 22
112 617 65 411 79 341 35 54 39 820 17
113 756 37 85 34 625 50 128 5 140 64
114 434 6 982 50 325 25 414 94 459 37
115 795 53 208 29 241 29 136 54 75 45
116 948 23 931 59 137 97 834 87 769 77
117 917 67 828 59 185 78 33 8 12 87
118 115 82 282 10 121 0 868 92 964 62
119 77 65 857 54 782 46 364 84 211 77
120 270 47 497 51 219 38 566 41 105 58
121 914 20 992 32 38 30 758 86 662 14
122 895 85 968 30 875 14 696 77 397 59
123 104 88 912 57 139 61 838 0 243 97
124 831 93 97 58 1 13 120 18 755 34
125 801 10 683 16 342 1 841 28 805 11
126 762 21 954 22 557 97 931 96 707 78
127 876 80 338 30 383 27 529 17 355 11
128 754 17 753 92 534 85 749 81 844 69
129 682 18 852 61 711 30 951 14 147 55
130 52 7 841 19 217 58 484 38 429 15
131 205 38 622 36 933 78 750 96 76 17
132 624 87 758 6 135 97 542 4 593 76
133 307 56 10 0 363 91 830 5 954 92
134 986 36 363 47 914 75 662 36 625 14
135 99 38 765 60 828 7 625 31 264 68
136 66 59 665 9 197 13 794 6 731 89
137 863 34 936 75 771 88 61 43 974 73
138 324 51 792 34 286 80 853 27 55 22
139 406 38 448 46 673 86 297 7 792 91
140 167 56 51 80 720 24 909 32 663 66
141 84 46 818 80 254 84 394 22 578 14
142 913 63 433 75 815 87 550 76 289 42
143 652 5 423 96 653 90 923 77 481 91
144 168 37 398 70 367 65 516 83 971 42
145 140 30 508 25 396 33 710 57 31 82
146 61 39 293 4 364 97 351 73 373 22
147 488 48 719 99 750 97 232 33 81 97
148 923 62 570 93 453 93 696 20 982 87
149 891 90 91 52 945 87 36 96 384 63
150 437 92 72 88 273 20 538 24 888 53
151 848 87 21 86 464 28 80 71 231 60
152 832 14 239 42 671 86 944 84 450 96
153 425 17 798 80 545 57 807 72 619 82
154 562 9 848 75 936 62 358 8 529 87
155 121 41 144 55 850 2 984 64 605 48
156 915 48 515 46 250 83 401 41 924 76
157 547 58 521 37 758 46 301 44 635 92
158 443 2 997 49 758 90 799 4 6 35
159 215 17 930 14 802 84 564 67 231 71
160 710 21 500 0 548 11 641 2 610 45
161 269 9 657 14 411 55 256 69 856 99
162 938 66 962 21 836 96 819 52 232 0
163 702 12 356 80 811 4 732 0 963 77
164 660 75 334 99 918 67 136 10 711 67
165 761 3 467 43 688 46 807 92 27 3
166 133 89 545 21 680 12 658 24 180 57
167 354 50 195 79 516 96 509 97 808 99
168 792 98 607 89 579 64 748 33 805 56
169 866 34 987 77 589 66 444 24 508 20
170 741 17 374 38 322 94 22 26 85 73
171 496 22 615 45 863 74 814 98 725 80
172 158 9 816 72 522 39 83 4 543 59
173 604 16 247 34 190 56 60 43 334 34
174 276 22 260 53 155 62 238 29 996 40
175 495 27 989 34 158 65 112 19 881 56
176 849 85 860 33 538 26 743 30 713 48
177 776 72 169 53 712 16 146 98 125 16
178 454 16 178 27 974 92 616 9 80 45
179 180 6 493 94 293 59 504 67 816 74
180 929 43 474 5 373 20 892 57 322 42
181 606 85 436 38 554 9 611 10 340 2
182 913 26 9 55 981 15 409 22 759 42
183 819 82 18 24 408 61 199 35 169 41
184 301 57 737 16 821 99 310 60 836 48
185 925 89 667 99 27 60 117 12 499 43
186 810 78 406 76 860 81 168 46 930 80
187 167 35 705 58 797 88 737 98 178 25
188 539 98 799 50 279 48 771 66 230 58
189 613 9 679 83 303 51 523 22 231 24
190 523 89 935 36 632 24 839 92 287 89
191 50 53 321 0 454 19 121 54 48 2
192 400 63 587 38 384 52 683 81 329 61
193 667 98 380 77 63 43 345 87 904 1
194 68 7 974 63 886 22 9 15 101 3
195 458 90 794 94 602 55 10 98 420 76
196 999 38 417 48 106 88 585 62 743 46
197 949 0 918 89 26 3 151 52 93 84
198 881 71 133 39 177 38 737 69 728 87
199 953 82 454 63 64 54 305 24 869 43
200 283 68 163 31 150 22 905 47 918 53
201 334 35 484 11 102 44 834 64 407 12
202 240 15 951 58 9 36 342 55 178 65
203 874 0 810 54 285 26 952 11 269 5
204 499 62 462 64 778 99 809 82 913 45
205 879 69 432 64 218 74 703 30 980 48
206 973 89 184 73 379 30 888 0 426 25
207 86 51 412 71 689 48 693 38 986 59
208 385 24 418 63 92 54 645 18 299 63
209 718 78 962 77 894 37 798 11 549 98
210 719 17 6 68 205 34 526 5 489 88
211 182 44 741 6 725 26 862 71 880 44
212 614 36 770 84 521 92 290 32 442 26
213 719 96 570 2 638 2 897 4 124 40
214 234 19 312 90 478 6 13 0 792 42
215 288 95 172 52 973 88 579 28 346 95
216 581 37 935 33 415 33 242 12 935 38
217 304 45 435 85 732 92 607 74 979 55
218 118 14 275 23 990 23 50 2 892 69
219 433 26 832 95 238 47 328 5 653 16
220 269 44 577 24 757 92 140 64 533 66
221 93 64 990 78 688 15 236 13 213 33
222 982 82 8 56 697 12 866 98 232 60
223 210 36 364 66 359 40 557 67 648 93
224 856 34 688 40 743 58 499 76 522 86
225 163 8 869 81 0 12 231 88 194 81
226 719 67 729 82 951 63 71 11 153 3
227 897 39 45 11 351 5 68 93 653 92
228 350 25 389 89 856 56 989 92 173 1
229 686 0 486 18 918 4 715 55 281 52
230 245 89 875 53 844 12 150 39 292 57
231 151 16 473 73 526 31 217 70 790 73
232 949 74 554 49 488 36 30 84 820 23
233 18 80 888 76 305 34 932 93 884 92
234 49 65 300 81 292 74 903 60 305 33
235 401 16 271 75 110 70 587 22 940 51
236 3 60 669 70 672 41 165 85 609 72
237 257 35 81 40 535 0 848 60 45 87
238 831 91 4 15 519 77 705 97 638 83
239 627 3 703 15 333 81 43 92 363 5
240 793 57 382 6 324 90 719 24 42 6
241 851 64 464 8 360 97 188 83 240 39
242 129 51 231 26 95 64 440 14 121 48
243 316 96 534 58 414 28 234 71 857 10
244 186 22 684 22 206 76 110 8 788 27
245 700 8 237 49 824 11 102 8 670 87
246 804 77 115 55 190 5 241 10 970 18
247 624 5 689 50 920 67 44 92 404 83
248 120 47 848 12 758 46 536 95 492 28
249 782 15 666 5 648 58 162 91 417 0
250 291 47 545 34 757 43 414 38 899 22
251 273 34 627 26 434 63 816 36 27 69
252 306 67 106 91 349 1 191 90 887 48
253 983 97 641 84 500 55 427 57 189 88
254 194 53 14 7 925 87 773 10 919 85
255 398 41 387 79 482 96 978 81 653 87
256 853 87 145 3 894 8 603 39 829 93
257 25 25 857 20 211 97 843 24 172 80
258 259 65 874 18 226 95 484 30 865 51
259 696 98 69 9 401 14 563 41 11 24
260 835 75 694 10 518 74 398 21 379 22
261 646 73 933 81 247 62 102 52 778 72
262 285 41 821 87 271 60 985 57 97 92
263 337 37 624 61 590 14 91 16 615 18
264 937 15 844 63 82 63 864 67 61 11
265 465 68 932 72 47 93 500 34 207 43
266 517 70 791 28 446 29 586 80 738 69
267 396 90 913 81 94 50 947 78 234 80
268 152 33 758 84 501 34 237 56 133 50
269 524 63 821 2 72 40 655 43 2 23
270 653 74 376 63 560 95 917 10 695 38
271 367 31 549 82 773 13 81 87 676 73
272 585 83 215 69 662 13 297 21 106 54
273 941 4 805 15 627 42 202 80 173 92
274 254 32 144 71 883 62 598 17 129 59
275 81 41 153 46 825 83 584 60 486 11
276 706 55 154 50 697 87 722 55 485 90
277 380 45 987 96 749 64 713 87 666 95
278 171 7 939 78 2 92 953 67 756 41
279 884 50 22 29 696 20 979 56 597 72
280 261 1 959 16 814 11 267 50 946 80
281 68 52 477 61 61 47 558 69 394 39
282 908 12 85 5 690 56 657 18 77 49
283 838 28 427 85 217 11 519 6 792 69
284 527 9 339 74 931 78 761 32 867 40
285 883 98 125 19 660 19 129 4 410 59
286 336 17 624 8 438 39 239 27 67 33
287 92 24 545 31 333 70 399 55 609 15
288 138 98 437 40 273 65 28 54 136 24
289 708 73 534 38 849 74 700 58 783 20
290 488 85 371 11 40 40 778 17 640 70
291 693 78 781 42 241 89 669 24 9 15
292 856 37 189 31 203 51 182 76 351 72
293 544 60 201 7 537 38 567 97 960 49
294 289 27 390 59 294 96 17 5 427 41
295 204 33 912 67 691 81 912 40 699 83
296 767 8 360 7 254 1 618 16 482 69
297 235 32 830 55 642 19 161 94 201 4
298 388 32 847 3 168 80 112 34 468 19
299 686 37 678 26 976 71 920 23 553 3
300 370 37 562 37 107 55 343 88 593 97
301 36 69 676 52 570 20 84 38 408 97
302 953 44 971 16 113 44 639 90 172 64
303 293 68 974 4 653 37 897 98 293 57
304 225 2 405 56 574 1 886 54 365 96
305 641 65 274 97 194 58 32 50 19 42
306 403 98 429 35 924 72 830 35 175 79
307 9 28 290 55 922 33 480 21 947 74
308 681 13 3 64 687 54 969 28 770 67
309 106 14 558 56 633 23 932 8 893 45
310 37 81 376 9 239 69 435 53 488 14
311 766 69 234 53 665 70 766 59 100 85
312 875 97 806 61 86 98 828 11 666 67
313 790 12 807 9 684 98 670 63 311 64
314 691 98 369 22 312 16 356 42 150 45
315 934 65 807 37 307 46 851 9 166 87
316 846 55 660 34 695 51 397 97 729 82
317 608 85 430 9 264 8 45 48 52 2
318 306 79 613 41 472 24 182 26 473 73
319 752 52 496 45 139 10 849 88 313 0
320 293 95 413 8 212 3 43 4 306 95
321 602 60 844 71 794 3 499 18 468 21
322 886 26 406 82 977 9 891 67 660 3
323 522 61 224 27 248 64 962 93 521 58
324 895 90 856 35 345 85 988 42 34 18
325 233 23 22 7 64 88 77 55 45 10
326 716 95 823 2 670 96 454 6 981 9
327 927 44 240 85 636 5 39 50 765 97
328 282 34 843 7 612 36 690 24 7 35
329 804 86 52 57 911 49 534 63 543 28
330 55 67 560 58 26 23 222 69 783 20
331 409 46 904 75 850 45 811 14 402 87
332 151 58 270 65 654 61 801 5 474 86
333 288 70 611 21 110 1 995 35 178 74
334 329 44 447 83 840 72 432 43 509 18
335 226 38 148 68 868 83 161 55 282 56
336 367 21 933 97 158 59 587 57 564 52
337 552 47 207 56 548 24 616 76 140 73
338 755 70 237 16 270 17 396 34 203 88
339 204 16 58 82 231 9 572 71 422 15
340 252 80 514 5 620 58 5 96 89 77
341 294 14 785 23 877 16 253 8 420 67
342 662 88 936 46 78 54 563 16 929 40
343 341 76 177 9 810 71 188 52 266 92
344 932 15 224 66 930 49 589 61 95 81
345 505 4 317 17 716 70 587 62 607 18
346 274 72 846 45 395 85 83 71 497 79
347 946 95 113 31 70 95 301 69 705 87
348 980 44 121 76 75 4 908 5 165 46
349 69 13 757 45 515 59 750 29 76 27
350 118 83 785 23 70 54 400 75 253 31
351 160 13 817 15 740 89 988 35 229 83
352 560 4 88 46 747 43 979 36 840 50
353 890 4 463 55 719 88 933 65 535 58
354 874 31 342 60 313 27 568 72 939 81
355 694 98 107 38 9 60 90 66 281 54
356 759 33 248 3 870 93 184 30 608 19
357 407 71 847 76 977 86 962 50 266 38
358 247 59 806 49 300 68 787 40 526 21
359 638 48 569 5 100 14 83 7 130 1
360 731 89 429 7 442 53 730 56 838 80
361 640 84 651 80 577 2 228 9 362 88
362 257 6 977 57 437 72 457 22 237 50
363 307 29 477 65 600 69 223 47 687 67
364 482 74 678 46 523 97 169 21 217 60
365 588 20 790 81 743 81 792 71 424 70
366 477 77 928 95 748 10 495 27 687 47
367 658 74 405 32 844 58 608 46 137 87
368 775 7 270 54 316 36 311 83 544 39
369 163 5 801 85 725 53 837 14 506 10
370 394 68 684 20 311 52 324 52 592 78
371 553 97 377 94 627 70 778 38 307 95
372 400 14 233 43 413 96 966 60 107 52
373 484 33 41 64 897 21 753 44 844 48
374 954 91 853 5 114 58 78 43 628 88
375 502 47 709 36 61 13 170 13 995 58
376 636 61 268 3 868 52 454 47 747 9
377 205 80 185 62 375 28 896 17 49 52
378 670 26 797 71 217 9 257 52 339 92
379 480 90 897 67 622 94 647 69 388 0
380 458 47 605 78 362 91 502 82 643 85
381 210 8 24 83 11 1 714 49 391 62
382 328 93 326 37 496 7 463 50 108 94
383 950 71 363 51 566 85 689 23 630 7
384 494 71 682 86 47 99 675 94 685 73
385 787 41 18 42 62 80 546 55 765 44
386 110 70 992 39 255 89 21 70 548 98
387 458 80 856 35 546 18 988 95 143 94
388 813 26 118 72 156 23 658 75 177 3
389 252 94 888 82 302 49 27 61 576 57
390 975 75 317 43 918 29 497 48 589 50
391 737 98 208 59 228 36 351 52 478 75
392 36 2 617 90 614 83 735 13 955 74
393 663 76 744 36 907 1 618 77 852 70
394 854 90 265 56 629 6 576 41 703 71
395 487 14 41 33 496 51 19 61 564 54
396 890 88 194 14 392 6 55 91 336 78
397 171 70 292 81 352 36 999 46 560 58
398 622 28 329 8 386 96 659 35 324 98
399 741 10 228 53 616 13 860 58 858 69
400 91 33 1 69 789 20 416 1 668 70
401 425 93 451 45 111 43 907 15 931 72
402 161 77 75 51 197 22 735 83 962 25
403 45 55 137 12 202 16 822 82 599 69
404 252 75 983 59 272 38 995 29 79 28
405 18 16 586 41 388 35 692 66 500 9
406 390 75 771 35 986 59 281 18 337 47
407 197 95 509 22 159 50 498 21 703 69
408 588 70 190 20 932 48 679 97 904 13
409 343 8 86 68 84 51 530 25 969 60
410 657 10 997 62 449 75 650 98 377 29
411 45 3 523 75 861 3 243 13 424 94
412 33 56 67 25 617 98 388 66 316 63
413 272 86 49 62 637 87 161 10 885 62
414 940 27 302 85 152 75 971 96 532 58
415 739 26 704 83 807 79 65 8 491 99
416 474 65 463 88 863 1 851 76 988 89
417 316 35 184 88 133 99 784 6 675 88
418 118 95 235 92 38 0 85 59 134 76
419 134 23 876 17 960 88 302 58 536 26
420 630 45 288 95 809 48 61 10 511 3
421 953 4 150 6 669 6 115 17 821 56
422 814 6 753 39 877 84 79 89 582 20
423 908 66 417 63 678 70 402 78 809 40
424 90 90 544 86 988 38 517 81 923 48
425 322 13 229 16 908 90 339 72 111 97
426 718 23 218 99 706 55 721 83 253 43
427 390 28 226 0 31 40 560 41 523 78
428 966 24 333 52 43 64 692 53 425 68
429 24 49 493 49 579 41 843 71 668 7
430 515 19 792 35 292 40 204 0 980 11
431 56 42 536 31 57 84 388 41 539 34
432 858 62 846 57 169 45 778 76 102 54
433 286 74 17 15 730 81 122 38 225 22
434 329 98 580 87 761 97 177 77 409 84
435 248 26 991 86 728 82 64 31 504 88
436 997 76 38 23 607 23 40 26 149 2
437 265 88 625 15 555 38 854 6 861 76
438 745 48 479 19 404 93 90 22 476 7
439 489 8 465 13 518 42 905 94 950 27
440 617 66 758 29 741 91 221 50 937 15
441 2 65 935 54 986 64 498 93 673 76
442 57 12 315 49 647 50 279 52 545 32
443 967 48 982 48 137 1 507 46 927 5
444 200 95 80 83 108 74 44 92 976 99
445 499 63 856 34 548 7 387 45 428 35
446 349 61 128 1 279 28 612 78 20 65
447 296 84 640 0 151 57 792 25 212 47
448 701 39 793 38 783 58 938 76 19 40
449 315 82 618 54 602 16 422 22 904 44
450 84 29 574 0 137 22 997 28 530 19
451 72 7 97 33 862 59 298 3 321 22
452 909 67 479 27 197 25 873 29 3 51
453 645 40 688 64 113 36 27 91 839 47
454 449 75 698 90 578 13 228 66 614 73
455 521 9 230 1 878 51 452 52 826 23
456 437 36 751 97 548 35 931 60 856 40
457 968 15 680 41 316 38 363 51 9 96
458 874 81 295 12 550 42 582 47 138 30
459 313 69 601 24 318 4 176 82 921 16
460 477 45 474 10 912 81 442 22 466 90
461 273 57 174 92 261 9 941 67 427 42
462 222 52 626 0 750 2 482 46 373 48
463 175 95 999 78 221 36 614 88 742 91
464 966 38 275 57 612 31 796 2 489 28
465 548 72 173 96 594 20 446 40 538 48
466 703 30 708 56 531 30 435 43 864 95
467 940 2 916 50 327 7 486 44 359 84
468 741 76 145 69 851 48 575 30 502 83
469 454 48 214 72 787 6 40 57 771 45
470 743 89 725 89 672 22 461 65 84 17
471 427 43 920 51 546 99 848 46 824 65
472 606 70 405 58 404 81 971 98 89 13
473 639 38 841 50 613 0 25 90 887 60
474 773 34 254 29 214 3 183 63 355 85
475 957 53 229 87 47 18 231 14 147 81
476 181 90 740 91 897 90 878 96 313 35
477 246 46 292 60 92 10 546 36 27 31
478 483 45 599 30 864 11 983 46 380 17
479 92 31 2 2 839 59 753 48 281 56
480 214 26 322 15 682 9 71 20 663 83
481 328 56 109 83 557 26 666 94 743 20
482 863 22 524 32 120 70 741 9 65 92
483 801 14 596 23 440 81 88 78 657 68
484 822 32 584 14 623 1 756 45 34 10
485 821 33 702 46 409 70 874 39 677 12
486 702 60 817 88 911 42 148 78 902 17
487 576 73 445 91 789 79 516 36 22 19
488 554 77 210 68 23 64 507 53 638 67
489 985 20 82 25 502 94 862 8 346 31
490 740 36 650 14 139 59 225 8 291 36
491 635 56 331 6 594 62 831 30 203 26
492 219 11 527 47 476 2 45 82 188 85
493 300 24 639 64 21 24 873 62 399 13
494 563 1 992 7 918 34 461 55 602 31
495 53 33 430 90 505 83 962 3 838 80
496 262 68 487 86 77 23 864 53 898 2
497 513 95 371 12 650 64 994 64 151 39
498 633 17 79 48 586 37 742 51 975 87
499 788 45 121 67 6 35 938 83 19 85
500 597 27 243 50 904 78 600 39 984 35
501 767 41 609 98 861 9 812 72 266 8
502 328 95 435 83 22 16 477 86 426 42
503 398 37 785 19 642 83 515 64 583 23
504 110 35 908 17 26 58 955 65 346 83
505 684 91 189 88 956 6 814 88 229 76
506 765 39 901 27 802 30 533 19 615 69
507 977 81 799 42 973 30 316 63 322 99
508 848 5 560 5 264 72 149 58 557 9
509 309 46 439 69 945 59 215 63 674 96
510 225 12 861 92 613 66 19 83 498 56
511 819 19 631 13 507 74 749 35 673 90
512 87 96 305 41 757 35 943 45 368 80
513 327 17 467 15 456 23 949 37 752 66
514 106 11 270 86 527 56 827 53 507 92
515 591 18 527 95 761 86 286 26 991 41
516 29 85 601 12 818 86 256 95 736 67
517 376 15 196 65 793 57 985 37 330 80
518 364 33 890 93 653 95 480 67 856 54
519 337 39 469 52 786 56 881 0 500 34
520 948 25 222 81 529 57 387 19 372 98
521 504 94 804 71 652 11 317 5 379 98
522 851 33 14 59 112 62 621 56 80 20
523 329 3 704 52 580 71 723 23 784 3
524 60 75 42 14 271 19 810 8 401 53
525 4 69 680 18 455 69 254 41 948 98
526 138 16 203 35 311 99 754 88 524 31
527 291 4 997 63 962 83 592 91 21 32
528 826 40 579 5 160 60 550 39 254 57
529 754 54 813 86 950 26 75 51 372 35
530 514 59 494 57 310 31 195 75 38 3
531 729 12 625 88 981 19 376 20 717 37
532 611 45 660 5 931 22 154 53 847 51
533 512 79 105 53 632 95 542 49 48 15
534 984 78 585 72 201 45 739 81 616 19
535 148 66 593 51 105 36 119 31 629 14
536 669 49 280 90 144 75 205 48 181 4
537 457 20 32 79 334 59 726 37 220 93
538 775 68 109 57 575 6 552 39 586 68
539 550 64 471 1 384 81 157 8 724 57
540 736 66 815 16 82 36 130 22 809 40
541 511 42 396 91 381 86 416 75 834 25
542 880 40 910 64 868 8 480 87 451 71
543 187 93 131 69 226 62 935 90 832 12
544 469 8 129 75 112 86 542 73 370 67
545 788 91 727 48 529 63 579 20 31 92
546 973 18 963 28 935 42 650 20 955 60
547 200 12 807 40 482 80 876 44 285 2
548 221 74 984 30 95 36 549 31 604 77
549 449 39 364 31 123 36 744 29 134 72
550 832 26 509 68 619 69 386 87 941 90
551 266 9 35 40 325 5 293 89 55 9
552 404 6 913 13 889 29 490 53 433 9
553 551 77 902 72 867 82 153 46 296 14
554 862 51 175 1 563 83 876 6 438 35
555 394 41 15 36 528 2 547 47 560 42
556 714 79 786 37 76 61 118 42 508 72
557 162 16 495 11 940 42 647 5 66 89
558 678 43 245 84 476 57 356 74 910 57
559 442 37 423 11 199 85 34 86 615 40
560 755 97 237 87 802 74 346 8 26 89
561 496 19 598 53 474 62 825 65 6 51
562 703 24 209 66 549 98 814 64 711 76
563 610 45 151 13 108 12 511 82 166 51
564 821 80 278 49 682 73 923 68 448 6
565 816 91 441 92 630 23 590 32 909 74
566 32 50 18 87 847 5 579 34 194 45
567 615 35 634 82 105 84 300 80 609 80
568 865 93 944 22 599 52 339 24 509 55
569 996 36 156 46 765 69 447 60 890 12
570 564 76 103 29 842 69 372 57 468 40
571 939 21 296 46 877 74 594 25 283 18
572 475 6 379 39 298 81 222 29 934 62
573 355 68 899 27 65 70 685 96 346 75
574 939 61 731 18 964 85 888 38 239 63
575 659 37 688 1 958 49 851 25 775 22
576 397 26 277 77 427 50 812 5 65 16
577 199 5 500 86 174 82 622 88 141 32
578 313 64 985 75 675 31 17 74 928 91
579 756 57 273 29 128 44 2 78 880 44
580 442 31 301 85 631 63 11 49 389 22
581 219 91 267 55 206 92 179 22 923 53
582 195 20 619 38 847 89 310 51 187 80
583 443 5 690 60 651 53 976 36 142 27
584 604 78 544 13 10 89 207 18 158 33
585 885 52 311 65 333 21 918 92 210 15
586 456 76 320 51 885 60 147 80 31 59
587 122 0 682 92 655 68 482 66 61 63
588 420 69 703 16 206 86 782 33 667 38
589 134 84 379 58 812 28 321 52 80 41
590 360 2 574 60 168 81 153 47 247 87
591 809 21 443 39 966 75 381 80 192 48
592 315 0 842 31 469 83 667 89 962 63
593 950 22 701 48 996 40 228 15 387 28
594 485 12 644 11 469 4 145 42 971 13
595 716 25 627 16 731 95 46 47 128 5
596 480 49 933 6 996 85 209 4 605 94
597 112 52 424 47 156 60 378 51 815 83
598 716 14 871 39 35 3 356 40 957 9
599 794 93 428 92 859 70 44 74 309 40
600 20 93 606 68 569 6 360 9 28 9
601 360 56 50 45 333 11 958 29 902 18
602 445 72 637 0 243 92 441 21 496 67
603 955 90 514 9 584 45 40 26 933 31
604 457 71 916 49 820 70 864 9 260 34
605 268 35 83 96 846 31 1 54 990 28
606 186 13 268 43 847 6 59 1 266 81
607 828 37 364 5 369 15 784 98 599 23
608 162 36 566 26 601 70 128 18 617 22
609 300 55 972 87 87 28 388 28 269 35
610 666 84 319 77 67 14 308 52 930 10
611 307 72 412 70 605 86 317 83 606 99
612 797 81 687 42 257 99 355 76 359 74
613 795 65 429 11 793 99 943 79 91 39
614 860 3 904 36 839 34 731 53 964 95
615 330 10 679 49 671 85 492 19 530 63
616 517 1 356 0 172 45 907 21 401 28
617 50 72 468 47 116 80 256 82 49 51
618 281 48 177 71 817 28 900 80 936 29
619 54 36 636 52 28 83 280 83 676 7
620 828 3 942 55 235 95 987 3 239 53
621 943 21 208 94 192 85 925 64 384 92
622 641 43 664 53 555 60 525 71 580 90
623 816 69 843 60 375 36 525 80 48 70
624 52 98 385 31 189 90 787 52 13 71
625 101 9 670 58 844 65 651 32 240 80
626 939 33 569 18 538 57 543 50 931 11
627 877 80 876 79 243 44 290 52 405 85
628 618 56 870 57 234 11 913 69 660 28
629 449 28 380 63 359 10 825 50 567 23
630 847 26 435 67 750 56 624 54 666 19
631 977 92 929 69 170 20 134 7 907 65
632 89 40 257 61 359 41 802 97 716 0
633 641 99 902 62 711 35 912 55 411 6
634 523 1 19 31 720 98 960 48 164 1
635 345 90 568 53 133 55 894 91 253 97
636 328 99 374 29 144 60 765 57 448 58
637 637 14 944 35 494 61 563 44 500 15
638 286 66 10 44 298 57 59 90 511 67
639 360 20 823 61 446 42 465 34 876 8
640 707 18 387 41 674 51 347 61 836 3
641 431 90 392 64 327 48 266 70 437 24
642 383 24 176 62 301 15 764 7 398 30
643 746 61 520 76 322 26 102 71 979 89
644 519 28 268 29 384 4 150 35 437 79
645 489 65 838 12 836 75 711 69 159 51
646 880 19 132 66 147 56 144 68 254 21
647 630 42 930 1 21 0 765 17 598 30
648 624 54 769 59 416 56 423 41 693 1
649 596 70 790 77 586 71 78 78 827 10
650 355 29 919 61 647 18 339 47 300 22
651 65 26 765 59 157 6 42 48 731 49
652 629 58 896 59 568 18 972 45 888 42
653 672 19 433 43 700 72 743 82 380 44
654 623 79 374 45 261 63 188 55 521 88
655 964 78 356 53 182 45 685 63 121 40
656 291 53 761 72 768 18 620 96 274 86
657 533 6 931 2 80 34 541 64 693 85
658 382 8 889 52 452 83 770 6 246 7
659 575 88 790 22 27 18 901 57 146 53
660 837 86 621 30 855 66 598 21 573 34
661 773 60 768 65 719 64 161 35 693 54
662 975 81 440 35 390 66 808 72 165 51
663 982 88 948 96 367 65 989 0 615 16
664 603 12 972 43 844 7 572 28 494 37
665 293 27 110 60 187 75 370 68 115 98
666 397 74 180 57 826 84 338 60 995 37
667 55 23 831 91 251 35 895 43 263 15
668 721 9 804 94 446 91 555 71 321 34
669 662 86 445 36 53 36 710 69 346 49
670 264 43 791 89 112 0 438 25 453 94
671 77 85 731 16 629 37 369 86 730 46
672 865 9 833 27 164 97 873 75 235 4
673 532 61 635 88 370 94 124 70 156 47
674 956 34 545 19 251 29 189 14 359 51
675 523 25 291 61 840 12 397 43 138 22
676 709 12 289 48 625 0 178 79 224 56
677 724 46 224 90 149 53 787 20 863 73
678 294 17 331 68 226 18 76 14 668 80
679 474 60 103 62 571 3 885 70 25 6
680 781 67 914 34 743 72 585 90 385 64
681 300 3 196 31 571 27 204 1 499 90
682 495 37 561 83 233 99 712 78 461 90
683 140 18 525 21 404 38 78 80 853 88
684 638 15 648 83 919 65 459 91 308 58
685 253 12 305 64 798 69 978 99 957 48
686 756 22 703 85 897 30 681 6 100 0
687 572 29 626 5 281 43 186 16 432 43
688 226 8 124 14 903 60 716 81 230 64
689 507 11 479 33 208 93 836 78 360 77
690 566 9 750 85 182 93 3 39 106 87
691 371 33 8 11 709 41 556 96 425 75
692 737 56 132 25 125 99 265 32 563 86
693 273 39 536 12 488 99 930 43 543 39
694 793 52 986 60 544 74 251 51 266 2
695 875 39 581 67 107 56 441 56 139 57
696 945 54 625 54 318 12 514 19 230 18
697 750 72 519 46 386 59 301 11 308 50
698 72 79 442 81 997 23 373 89 81 65
699 964 44 470 58 167 15 88 55 249 17
700 89 4 894 65 832 48 979 73 395 15
701 815 39 927 84 397 94 886 22 721 45
702 319 2 4 74 532 45 7 64 157 52
703 482 61 465 78 114 48 593 66 769 68
704 18 29 480 78 1 44 781 55 6 6
705 598 80 814 44 124 40 712 27 281 95
706 731 85 172 18 468 94 903 67 801 85
707 844 14 503 63 333 25 561 37 544 6
708 357 83 769 77 117 25 752 77 461 73
709 544 77 394 59 905 24 439 58 121 19
710 714 21 560 48 765 97 214 40 84 25
711 986 74 476 2 53 99 233 27 846 56
712 678 78 944 1 483 85 696 7 246 85
713 371 24 470 98 112 70 281 14 3 40
714 643 45 69 16 169 66 63 18 133 84
715 227 70 479 49 574 78 514 89 182 7
716 465 23 94 88 153 43 624 83 62 10
717 201 85 691 4 316 22 35 98 159 65
718 371 46 360 1 614 10 575 84 144 86
719 2 75 373 27 129 32 522 33 956 39
720 842 79 984 4 736 28 788 13 392 38
721 982 9 893 36 997 92 922 86 465 86
722 809 48 550 82 575 23 401 90 648 16
723 285 66 30 6 630 26 418 2 138 5
724 917 39 963 8 846 74 859 2 152 72
725 463 91 343 63 88 61 588 65 707 97
726 655 9 173 89 879 66 707 1 896 5
727 851 49 553 59 234 45 913 8 134 10
728 171 67 950 80 371 87 739 10 847 22
729 858 58 320 97 85 79 718 19 572 65
730 271 94 445 22 689 34 135 92 421 75
731 349 7 688 30 905 8 559 18 416 48
732 678 24 991 67 552 42 982 73 324 11
733 830 82 409 36 785 87 546 51 200 2
734 616 47 424 9 107 42 151 99 231 81
735 176 79 111 52 687 92 47 93 710 74
736 664 25 367 29 416 79 592 28 233 41
737 107 13 771 8 389 62 149 47 858 50
738 751 72 643 20 509 39 32 17 939 39
739 845 31 788 68 763 6 900 84 114 71
740 253 89 142 88 66 82 699 4 33 52
741 251 79 681 79 884 61 418 45 928 49
742 366 12 618 83 424 50 768 65 50 84
743 127 75 155 38 581 15 520 99 16 64
744 68 49 373 89 368 94 305 55 676 8
745 682 92 837 18 421 53 342 71 185 77
746 964 20 18 36 765 28 603 98 208 3
747 322 12 528 21 87 86 552 40 681 45
748 937 50 602 93 461 32 419 8 789 48
749 373 43 49 1 225 61 335 45 206 85
750 905 73 565 93 393 92 6 54 740 13
751 212 33 538 61 179 45 748 47 573 88
752 792 28 207 97 579 6 972 18 418 75
753 357 94 445 84 528 0 339 84 994 32
754 414 17 643 80 627 82 749 82 334 2
755 889 49 865 8 290 16 977 84 344 7
756 868 80 557 22 235 73 893 83 782 9
757 693 31 116 76 636 84 548 2 734 14
758 911 24 725 9 706 16 67 90 839 30
759 116 75 953 84 518 31 849 93 285 14
760 994 3 65 63 686 89 375 50 341 73
761 835 27 462 59 2 52 501 33 685 11
762 11 57 978 36 652 94 418 21 693 73
763 490 59 572 35 593 9 648 52 482 46
764 833 94 886 54 280 75 752 75 122 66
765 508 2 525 99 772 37 195 78 467 22
766 196 23 883 85 551 96 592 90 548 88
767 627 32 899 33 645 93 901 18 41 25
768 836 60 352 34 683 53 610 46 606 32
769 580 68 577 5 933 92 554 84 448 12
770 974 66 680 42 767 47 444 21 894 74
771 700 89 96 88 85 61 105 32 399 59
772 474 69 364 54 540 7 21 48 353 84
773 703 99 834 36 867 92 917 20 595 96
774 318 63 803 77 815 63 92 54 558 60
775 717 94 875 95 930 69 3 71 548 55
776 893 90 248 41 56 11 422 12 942 1
777 836 22 23 72 819 94 405 3 402 51
778 940 32 81 94 657 33 364 36 478 93
779 113 94 1 71 446 7 462 34 585 98
780 491 38 326 68 362 2 697 16 645 94
781 791 39 794 7 506 48 250 21 431 62
782 461 37 423 67 736 52 321 77 89 87
783 857 39 901 67 212 33 404 58 983 88
784 215 31 563 76 436 4 417 88 53 44
785 910 84 759 20 209 91 84 5 670 55
786 134 84 396 43 630 77 31 45 872 72
787 913 55 674 30 492 98 541 88 980 53
788 739 85 19 55 574 98 194 83 762 89
789 745 37 236 61 241 41 878 12 258 81
790 810 49 465 3 475 83 559 25 890 71
791 277 94 693 40 123 37 313 25 391 30
792 626 65 219 37 528 6 396 35 127 32
793 18 69 802 17 652 47 41 16 488 64
794 507 92 105 13 699 65 889 9 200 64
795 916 12 562 99 993 25 270 35 176 83
796 531 57 438 61 803 69 57 4 528 41
797 661 54 824 17 948 11 218 83 921 57
798 875 81 562 63 467 11 318 90 789 83
799 346 63 393 89 325 32 234 55 922 78
800 714 55 60 8 79 43 359 68 572 76
801 464 29 272 83 266 9 616 55 938 74
802 48 64 635 32 719 46 255 87 659 0
803 288 28 760 81 115 52 602 72 741 82
804 777 12 653 48 187 70 329 78 602 74
805 744 22 556 27 34 71 208 88 664 69
806 572 50 639 44 937 6 928 85 4 4
807 209 1 506 45 96 6 857 26 876 79
808 832 52 58 10 496 79 423 73 570 35
809 979 85 981 29 794 37 639 88 656 2
810 980 19 318 79 413 73 431 55 64 5
811 301 92 492 49 681 30 752 2 906 79
812 795 80 815 58 247 86 512 10 894 24
813 686 55 147 15 484 68 1 11 485 94
814 507 67 740 15 275 39 381 93 34 27
815 234 54 965 2 639 7 55 53 443 93
816 314 86 369 59 987 2 323 19 600 12
817 746 80 762 27 840 47 352 1 965 7
818 820 13 35 14 496 81 374 89 325 69
819 167 96 112 81 727 0 341 73 277 70
820 251 42 187 19 480 8 479 33 855 26
821 489 45 603 24 310 37 475 77 863 34
822 724 31 990 76 719 9 549 67 615 76
823 716 27 761 22 139 89 290 79 610 57
824 301 24 764 3 169 40 293 79 613 64
825 628 67 77 44 577 49 725 68 900 6
826 199 92 842 20 679 67 381 38 77 1
827 783 69 406 59 253 2 138 12 157 58
828 472 15 497 5 837 0 975 36 975 7
829 539 11 970 46 269 97 715 49 716 25
830 308 8 170 87 850 59 334 48 669 69
831 94 33 548 79 336 43 342 84 315 6
832 654 82 124 43 612 77 274 63 310 72
833 522 57 25 13 187 38 63 75 104 15
834 843 84 889 58 184 57 969 89 15 33
835 45 7 626 11 883 83 498 54 809 35
836 556 64 703 46 587 37 659 49 22 32
837 739 70 629 3 281 19 766 71 650 25
838 222 9 819 62 631 56 979 48 857 73
839 270 37 451 5 34 53 366 96 593 16
840 734 73 735 12 243 32 931 72 314 7
841 968 70 539 59 299 77 375 91 346 27
842 481 18 710 44 167 5 710 62 687 13
843 73 67 473 48 579 9 604 47 626 32
844 272 39 580 50 448 69 150 19 494 7
845 248 27 907 30 364 63 463 59 453 49
846 485 8 564 18 135 16 887 26 759 40
847 195 81 120 56 201 18 408 79 167 37
848 847 22 775 68 163 45 704 0 682 92
849 50 39 220 90 323 1 602 7 514 76
850 371 8 844 90 888 36 37 18 228 57
851 330 79 877 7 551 56 744 6 752 91
852 597 70 451 58 598 9 683 44 407 24
853 672 9 558 12 813 16 72 25 227 54
854 270 62 404 91 233 97 688 24 753 82
855 403 42 580 33 39 22 283 77 538 86
856 530 9 432 69 951 20 355 82 696 78
857 576 37 71 14 132 79 881 83 791 4
858 956 21 843 62 688 58 723 14 975 93
859 393 58 27 32 773 6 581 53 799 46
860 215 39 9 26 16 43 193 85 662 58
861 713 44 970 92 801 56 404 90 133 37
862 615 50 708 57 371 76 931 64 243 78
863 446 34 180 7 173 54 638 29 660 53
864 87 9 320 90 787 76 937 79 472 47
865 724 18 376 73 858 19 250 82 388 34
866 32 70 369 98 238 62 973 84 371 43
867 644 53 249 34 732 7 747 4 517 15
868 146 32 663 28 703 37 370 32 87 36
869 484 1 598 14 232 48 123 70 775 87
870 273 62 50 20 513 15 487 54 768 31
871 565 64 50 33 401 21 430 12 451 46
872 603 92 641 2 793 27 418 93 451 48
873 459 41 730 44 239 10 831 24 23 25
874 533 85 603 69 83 17 67 10 687 55
875 399 5 807 7 264 4 213 37 34 20
876 719 19 910 78 636 14 486 74 382 62
877 552 83 611 67 228 42 983 59 74 21
878 354 2 924 97 743 17 833 38 704 96
879 509 65 581 90 303 3 801 37 664 75
880 175 40 689 92 77 22 763 83 287 52
881 881 25 820 79 149 70 884 79 537 94
882 132 34 44 14 401 54 911 98 453 74
883 959 83 94 18 393 50 489 19 986 5
884 427 86 893 2 866 13 853 96 29 21
885 111 83 691 77 487 24 24 80 213 26
886 422 46 548 87 200 30 594 98 789 23
887 260 14 474 22 69 20 355 3 267 7
888 857 41 242 73 950 65 134 73 440 2
889 2 28 101 56 628 62 804 98 816 6
890 62 16 965 48 742 43 679 69 388 76
891 346 66 930 53 672 57 403 55 470 78
892 646 30 484 65 628 28 137 14 972 87
893 418 95 386 2 777 37 108 34 606 86
894 594 28 134 27 198 28 655 41 25 0
895 409 31 523 27 695 5 699 66 268 32
896 427 43 32 32 5 78 203 67 370 69
897 722 67 878 41 233 51 43 52 543 50
898 321 22 930 90 747 50 743 90 551 24
899 807 53 31 64 521 46 707 91 791 39
900 215 84 993 96 253 99 263 2 356 58
901 427 51 545 4 369 3 57 18 660 15
902 337 0 465 32 269 49 910 70 990 67
903 416 90 221 32 445 73 327 45 110 72
904 631 30 718 28 184 14 907 29 505 88
905 989 40 291 89 375 59 420 73 597 97
906 613 50 724 23 177 92 26 51 113 81
907 836 55 778 6 384 98 922 70 539 41
908 950 36 61 9 645 72 734 85 952 61
909 133 31 119 83 207 96 206 15 269 2
910 395 52 453 40 174 46 555 24 424 85
911 8 85 909 20 72 0 75 99 65 89
912 765 45 181 33 926 98 626 78 240 59
913 170 41 330 65 536 38 691 89 482 66
914 38 97 129 0 387 57 776 35 630 77
915 91 9 968 94 76 35 768 78 508 38
916 856 94 184 63 964 18 275 74 275 85
917 330 25 700 81 896 47 293 86 371 6
918 405 94 329 96 325 35 368 38 515 38
919 957 87 521 63 351 6 699 32 379 73
920 489 27 271 64 827 38 216 28 593 77
921 411 26 781 17 344 85 792 57 617 1
922 809 23 161 22 501 98 571 43 799 86
923 209 16 784 29 344 20 150 54 752 70
924 353 45 127 27 812 9 983 26 217 26
925 262 15 977 87 2 55 385 4 484 90
926 204 71 817 36 687 87 892 66 337 38
927 314 62 112 16 783 32 204 22 97 26
928 544 82 129 76 853 90 322 98 505 17
929 620 38 800 49 369 64 110 81 320 43
930 529 14 489 14 502 20 779 70 916 5
931 988 6 782 6 276 6 601 34 784 3
932 819 76 760 81 224 11 560 60 149 78
933 624 44 779 57 855 12 803 35 733 33
934 376 48 906 18 514 0 342 8 147 8
935 507 2 520 30 489 39 906 78 327 46
936 978 84 499 81 105 42 426 40 687 39
937 750 36 856 49 578 86 883 77 544 75
938 906 40 472 52 668 89 463 29 83 33
939 264 87 290 28 435 57 923 93 879 31
940 864 55 747 76 46 98 98 60 762 68
941 838 13 607 98 289 3 278 47 840 49
942 886 17 748 47 726 67 459 69 444 14
943 178 98 763 23 998 35 525 0 637 64
944 33 81 876 68 673 78 927 70 947 80
945 232 97 557 63 197 58 784 77 147 15
946 892 72 814 94 957 38 444 69 13 43
947 21 98 252 88 770 32 715 92 52 92
948 961 36 713 12 479 50 115 68 713 86
949 548 79 422 75 865 76 166 75 480 45
950 627 89 127 29 636 39 507 52 24 15
951 185 8 307 48 543 42 669 93 527 49
952 140 67 547 61 645 71 595 17 905 20
953 629 35 222 88 255 41 751 16 382 47
954 398 57 54 38 150 5 895 56 236 2
955 672 73 838 5 374 25 960 3 430 91
956 190 75 212 3 0 72 847 7 720 31
957 309 37 462 99 331 72 349 26 777 41
958 515 55 245 89 116 40 163 39 328 60
959 956 71 940 81 59 85 29 35 286 70
960 977 19 313 88 757 13 556 33 464 30
961 136 96 836 29 298 46 713 58 431 74
962 973 0 576 50 260 95 938 74 166 51
963 947 16 127 76 251 87 618 38 331 85
964 661 13 137 65 677 55 115 79 890 57
965 860 3 857 60 374 7 400 27 216 25
966 140 62 886 72 783 58 620 43 540 30
967 460 27 952 94 338 86 917 83 719 86
968 174 92 865 19 535 53 793 76 453 13
969 370 63 419 56 225 95 973 14 575 77
970 813 80 513 33 628 18 943 90 649 60
971 281 88 562 37 471 91 1 66 546 73
972 844 75 846 80 404 38 803 8 765 89
973 220 77 16 87 764 30 659 45 735 17
974 606 23 492 18 161 3 95 18 602 29
975 266 60 700 38 462 20 334 23 164 74
976 487 52 176 58 384 36 94 53 877 96
977 102 89 946 27 44 28 866 41 581 96
978 102 39 88 41 939 49 627 67 15 4
979 547 96 192 95 868 82 59 31 888 6
980 757 6 389 16 508 10 120 28 792 79
981 41 62 483 49 122 90 110 72 710 91
982 885 3 123 89 911 27 269 29 268 37
983 818 28 474 59 39 6 151 77 134 22
984 688 54 783 26 570 82 4 28 919 32
985 823 11 749 68 636 60 105 56 991 24
986 482 90 648 54 915 36 663 57 133 86
987 323 71 457 17 136 78 346 54 974 66
988 905 28 922 42 927 53 806 14 448 97
989 712 75 437 22 27 30 55 38 15 97
990 785 26 756 61 369 39 673 38 141 19
991 53 12 275 25 138 81 746 33 675 79
992 273 40 887 98 803 65 571 20 510 80
993 537 14 698 11 605 85 342 66 511 52
994 619 22 916 7 46 91 68 65 793 83
995 489 86 23 97 46 25 94 29 854 22
996 790 88 644 24 538 32 766 1 590 48
997 819 95 699 45 827 92 98 35 72 33
998 485 26 761 47 451 12 800 73 417 19
999 82 51 669 94 7 93 956 75 827 3
